5
11
1 1 1 1 4 4 5 5 2 3 1
6
113 34613894 40320632 34613894 34613894 113
6
1 2 3 2 2 3
45
324 96 38834038 135 82755590 59477241 35 205 100 25 96 3494232 135 182 25 260 324 96 310 89792085 33923550 1369206 90 457 457 324 89272339 61296025 48 135 20 484 260 96 266 21881673 484 332 260 38834038 484 3494232 7750803 205 138
40
56 118 386 281 52 907 459 32760428 1265 5392301 65520974 459 20270934 408 411 298 433 435 1252 123 10263083 242 52 281 392 10264001 374 374 56 5392863 415 415 433 307 20270822 392 32760428 298 1004 990
