81
4
128 26735567 26735567 53471262
4
68525585 9978434 38163095 20981342
4
90927268 364 90927268 90927268
4
438 522141 438 522141
4
91385697 51542057 51542057 51542057
4
58681751 182 58681751 58681751
4
92443205 162 162 92443205
4
153 153 130 130
4
97640596 97640596 96120438 97640596
4
94771258 34948046 34948046 34948046
4
41642714 41231666 41642714 41231666
4
211 482 482 482
4
81960316 345 345 345
4
95288975 95288975 95288975 139
4
11049920 11049920 11049920 11049920
4
192 10336536 192 192
5
66715411 76657845 20162756 94172313 72080604
5
222 335 335 335 335
5
36816527 365 479 36816527 36816527
5
19126862 19126862 287 19126862 19126862
5
85660773 16371970 62495992 62495992 62495992
5
73736237 15565434 15565434 15565434 73736237
5
386 72768325 72768325 192 72768325
5
155 60382411 155 155 155
5
312 268 69666587 69666587 69666587
5
44045629 442 442 442 442
5
34298683 34298683 34298683 16633709 485
5
368 473 473 473 473
5
71645038 3322529 71645038 163 71645038
5
115 115 115 115 115
5
89827189 9644466 89827189 9644466 9644466
6
53593987 65249306 39831333 7846222 99314029 52226455
6
113 34613894 40320632 34613894 34613894 113
6
27920793 499 27920793 69163900 27920793 341
6
37551246 235 37551246 334 37551246 37551246
6
493 74716601 285 493 493 24110918
6
67319528 34 34 53353159 34 67319528
6
442 6316983 32192095 442 32192095 35
6
37523705 37523705 3698825 37523705 37523705 78200632
6
160 83437599 49075790 49075790 84779046 49075790
6
202 175 202 175 202 156
6
316 62913412 46257963 46257963 316 316
6
16421133 16421133 16421133 454 26 16421133
6
488 488 53 68451127 95511922 488
6
493 493 493 493 493 493
6
30473007 257 257 30473007 257 257
45
68498367 72013262 8092341 286 8092341 8092341 388 385 26137474 319 73 385 452 385 42481271 8092341 1599950 68498367 452 75234239 8092341 26137474 72013262 44306460 42481271 79422836 65155968 8092341 425 8092341 8092341 65155968 75234239 62058166 68498367 26137474 8092341 382 68498367 382 8092341 481 388 8092341 383
45
324 96 38834038 135 82755590 59477241 35 205 100 25 96 3494232 135 182 25 260 324 96 310 89792085 33923550 1369206 90 457 457 324 89272339 61296025 48 135 20 484 260 96 266 21881673 484 332 260 38834038 484 3494232 7750803 205 138
45
391 89731635 89220282 274 391 72635312 274 89731635 261 89731635 315 274 256 261 89731635 86653667 89220282 46372567 274 391 72635312 352 86653667 89220282 89731635 274 46372567 50939373 84392096 89220282 315 461 89731635 72635312 256 48 89220282 89731635 89220282 261 84392096 48 50939373 84392096 48
48
285 407 389 92 96 263 75631342 39483296 81025951 413 12421469 50860635 286 413 392 92 39483296 93027880 334 392 413 407 263 407 147 65289189 92 413 413 123 455 413 93027880 123 147 447 478 447 123 81025951 407 15152539 93027880 12421469 37321938 96 123 123
48
163 58 23312777 12 14658817 198 99856742 4984698 249 357 81613903 304 81613903 23312777 98478814 448 99856742 4984698 198 58 12 125 67 98478814 448 43891431 97049677 314 97049677 136 64657745 57240122 163 187 198 39418886 234 58 97049677 78578850 448 190 291 63436466 304 26944471 187 96
48
1793527 24077230 49621598 23753024 494 225 24077230 9 6580684 441 24077230 9 24077230 49621598 71123668 1793527 75110125 6580684 6580684 6580684 97420941 6580684 24077230 24077230 24077230 441 225 40083756 1793527 24077230 427 24077230 441 494 1793527 6580684 9 29 75110125 71123668 49621598 9 22125436 24077230 75110125 49621598 6580684 9
44
15109044 30390320 30390320 494 30390320 132 99075419 54305842 15099275 30390320 251 15109044 15109044 306 62351803 30390320 230 30390320 320 30390320 30390320 54305842 251 230 56 114 15109044 15099275 43883954 28 15099275 62351803 21115525 54001319 5059409 53684589 30390320 15109044 492 114 320 54305842 30390320 21115525
44
232 39827455 418 16046950 418 43 22240600 428 91983834 55443355 25 59668842 39827455 99557351 355 355 62908810 355 88976304 59668842 39827455 355 88976304 350 355 31049465 22 409 451 409 227 59668842 59668842 22240600 355 47778194 90884978 76914507 16046950 92731237 22824916 35 35 85284645
44
195 195 465 2205310 471 195 325 44893235 354 51120009 325 354 471 17883796 354 465 195 11030955 195 195 2205310 51120009 471 325 2205310 11 44893235 465 195 11030955 329 195 195 11030955 298 44893235 11030955 325 354 492 298 492 195 329
47
66 260 5 118 182 368 5 57741461 297 292 292 260 260 463 92304076 1341514 368 397 260 1341514 34225717 368 1341514 39 230 52110135 90 182 21479967 21483767 292 83537353 292 297 292 5 368 20 93726932 368 397 1341514 230 297 182 5 292
47
266 203 79529275 74055114 297 53 93351009 93351009 395 31 36082937 39041101 53 53 118 266 301 395 60736966 93351009 163 266 77595427 395 475 301 146 395 301 72426964 395 76013724 65249991 40 40 65249991 216 5879852 5879852 419 154 63837767 93351009 94106828 93351009 101 239
47
316 69791060 87579651 76767652 417 160 417 160 33018470 334 417 417 417 291 160 207 291 150 160 291 191 334 69791060 160 291 69791060 160 191 291 160 89050037 160 334 417 191 191 150 228 160 228 150 417 69791060 12680487 417 69791060 191
41
6210953 436 436 6210953 6210953 237 237 237 435 304 102 28487001 28487001 55196537 27 102 27 57083381 193 484 436 305 80996342 484 304 87762538 436 6210953 436 436 363 21399048 80996342 137 328843 57083381 137 6210953 85217195 436 328843
41
56 58045073 47336023 63268 255 475 63268 65 54267574 181 72607854 47985786 96859565 475 475 408 97875317 65 83648153 79152642 79152642 63268 80545693 93581616 47985786 78769179 58045073 345 63268 475 16445536 485 65 250 345 36 35699312 408 500 47985786 5831211
41
71 304 304 393 393 54256975 137 6077469 71 71 6077469 304 19 304 304 69 69 478 71 359 731519 393 71 6077469 54256975 393 304 478 71 731519 18421763 478 359 18421763 71 173 478 54256975 54256975 137 6077469
40
56 118 386 281 52 907 459 32760428 1265 5392301 65520974 459 20270934 408 411 298 433 435 1252 123 10263083 242 52 281 392 10264001 374 374 56 5392863 415 415 433 307 20270822 392 32760428 298 1004 990
47
433 391 81213271 271 391 433 433 50464296 433 433 75 433 391 15243314 433 70082388 433 433 95 433 5 98477633 86 73161715 391 275 98547584 55027741 460 48570231 391 28 391 433 391 391 433 391 433 25 433 433 391 69816675 433 268 398
47
12427897 70175590 24834325 70175590 53204165 24834325 24834325 318 94848279 70175590 24834325 17344565 400 164 97296715 62795346 95489408 70175590 22604095 89546962 36614699 104 82991568 70175590 135 95567410 61291404 24834325 24834325 9214448 33721897 236 486 24834325 90820820 131 24834325 87813303 436 19542703 24834325 95007077 24834325 70175590 151 24834325 24834325
47
482 482 65 482 482 482 482 482 482 482 482 482 482 53113748 482 482 25649121 482 482 482 482 482 482 482 482 13759444 482 273 482 482 482 482 96 482 482 482 449 482 482 482 139 482 482 229 482 32915120 482
40
55748238 394 55748238 116 259 252 86108390 55748238 24 55748238 55748238 3483081 55748238 95222479 138 208 55748238 55748238 92 55748238 55748238 55748238 109 161 55748238 48132252 55748238 6165538 50426773 55748238 42 55748238 55748238 55748238 55748238 55748238 55748238 158 55748238 52046099
40
7 18609895 43701742 7 38605957 96172131 5246475 15727756 5246475 7 334 7 95562299 3789032 41005407 7 86255059 487 10532034 82458109 5246475 5246475 7 6324687 178 64890799 44075824 100 7 37643161 7 77058830 217 437 39561792 5246475 7 5246475 7 43470883
40
3947807 3947807 3947807 64029154 3947807 64029154 3947807 64029154 3947807 43 21557534 64029154 3947807 64029154 83070737 64029154 3947807 64029154 64029154 64029154 64029154 3947807 3947807 64029154 58352631 62 3947807 50937199 3947807 3947807 102 3947807 64029154 3947807 3947807 64029154 3947807 64029154 3947807 149
44
482 380 380 35 10782280 380 225 37447485 380 35 338 338 166 430 35 786027 35 12479567 35 51 380 317 380 380 88961161 53151400 380 35 380 380 135 74 32450737 432 35 35 420 380 380 35 10814576 380 35 380
44
312 312 264 88955752 332 443 29215278 63 63087337 29215278 29215278 29215278 11335759 312 332 252 312 29215278 175 15577481 44448266 97891286 29215278 93213436 12661410 312 29215278 495 29215278 49 29215278 35 37 29215278 495 473 347 352 29215278 475 75621903 29215278 154 396
44
57993713 57993713 192 57993713 57993713 494 272 5 5 30 57993713 272 5020991 57993713 9755169 272 57993713 5 5 57993713 5 5 57993713 272 272 57993713 57993713 57993713 272 57993713 5 57993713 5 272 57993713 57993713 6194392 500 57993713 5 272 439 272 57993713
40
101 71982416 15910886 237 71982416 17941175 28 17941175 259 17941175 269 487 71982416 17941175 71982416 98399923 71982416 17941175 17941175 17941175 61 72 99129245 71982416 71982416 89143607 71982416 11170450 71982416 71982416 71982416 79745225 29 31300399 215 396 17941175 17941175 17941175 17941175
40
74931137 78673523 362 92647374 41797880 362 15183755 362 58840271 55 215 95 58840271 16751430 362 38 362 156 97 95440121 362 83620103 45 173 121 362 362 362 58840271 66506786 208 420 95440121 40330254 362 83778659 50543533 418 95440121 58840271
40
360 360 360 76472252 360 360 45640399 45640399 45640399 45640399 360 360 74477144 45640399 36872551 45640399 45640399 25070269 45640399 45640399 360 372 45640399 45640399 360 45415482 45640399 360 360 360 45640399 360 360 360 360 360 102 29588180 45640399 45640399
40
23780911 93927881 23780911 23780911 91307376 23780911 187 130 324 23780911 316 123 23780911 23780911 23780911 51 23780911 23780911 202 23780911 23780911 23780911 262525 323 457 422 23780911 23780911 183 23780911 23780911 23780911 268 98 23780911 92019499 23780911 459 119 23780911
40
277 80 377 22 22 22 22 44654350 22 22 44696528 460 48572727 433 425 22 22 60 256 194 133 29783209 22 420 117 22 22 358 22 22 98426495 53299869 75263189 1211762 22 25525625 92435213 64 44997368 22
40
47307740 14316152 226 14316152 88561529 226 226 397 77903376 63318010 63318010 88561529 77903376 88561529 77903376 451 77903376 77903376 156 14316152 63318010 77903376 63318010 77903376 77903376 77903376 63318010 77903376 14316152 14316152 77903376 226 63318010 77903376 14316152 44367950 226 88561529 226 88561529
46
99710922 99710922 99710922 99710922 99710922 99710922 99710922 99710922 99710922 99710922 99710922 99710922 99710922 99710922 99710922 99710922 99710922 99710922 99710922 99710922 99710922 99710922 99710922 99710922 99710922 99710922 99710922 99710922 99710922 99710922 99710922 99710922 99710922 99710922 99710922 99710922 99710922 99710922 99710922 99710922 99710922 99710922 99710922 99710922 99710922 99710922
46
86577598 79807441 79807441 86577598 86577598 79807441 86577598 86577598 79807441 86577598 86577598 79807441 79807441 86577598 86577598 86577598 79807441 86577598 86577598 79807441 86577598 79807441 86577598 79807441 86577598 86577598 86577598 79807441 86577598 79807441 86577598 79807441 86577598 79807441 86577598 79807441 86577598 79807441 79807441 79807441 79807441 86577598 86577598 86577598 86577598 79807441
42
75 64 75 64 64 75 64 64 75 75 75 75 11 75 11 11 11 75 64 75 11 11 75 11 64 11 75 75 75 75 75 75 64 75 11 64 64 11 11 64 11 75
42
89125160 50703712 89125160 50703712 19851571 9230338 9230338 89125160 9230338 19851571 50703712 50703712 9230338 50703712 9230338 19851571 50703712 9230338 50703712 89125160 50703712 89125160 89125160 50703712 19851571 89125160 9230338 50703712 50703712 89125160 89125160 89125160 50703712 19851571 89125160 50703712 89125160 50703712 9230338 19851571 50703712 50703712
