1224 6141 2431 674 5162 8291
7452 9789 1448 8802 218 3675
1533 776 3649 5823 8058 6077
5132 611 9198 7985 2249 7160
7138 6049 5948 9496 4206 1352
8864 5447 3787 2802 123 2392
8630 4572 3981 7500 7870 4135
2725 4917 6954 7820 8768 3960
4666 5577 7823 9361 4328 5977
6099 4113 5354 4242 5512 5170
7736 872 3323 2267 1716 8895
3514 3950 6811 1757 2966 1775
6438 2126 711 3520 3165 2449
2861 8983 2665 784 8430 7857
1620 1069 8448 3087 5088 2983
3701 4255 1776 8060 6398 6118
8535 4264 7038 9688 7243 2092
9516 7770 8886 5882 2436 7359
1465 5869 4699 3599 796 885
4236 3206 2198 5856 5460 4376
9014 4852 951 2242 6892 7304
540 8012 4263 4163 8444 3834
3980 9132 5570 3218 4175 9216
9536 3096 3874 9442 1614 1124
6167 5437 6255 9461 6419 5893
5826 5199 5217 9004 2785 3328
6719 1152 9402 7153 5705 4625
9848 1128 5377 1809 4541 3658
1224 1860 4926 509 9948 4950
459 1451 1741 4668 8425 8994
4941 4034 5950 5593 8388 2756
9913 6877 6765 392 2443 1642
2065 5864 342 1701 5726 4494
2432 7830 3155 7337 3188 6547
1195 7116 4085 3703 3715 7893
1728 929 8330 1546 5229 3353
84 2143 6049 2749 9834 3541
564 2186 7714 8460 3610 7574
2807 8281 3616 1530 8821 8019
8644 8205 9379 3751 8817 3628
6013 6460 9878 214 9708 6897
4066 9427 8661 6114 8127 3540
971 4985 1752 389 2049 8512
6151 703 1984 4613 1199 6091
7745 7559 1331 7009 1608 3709
1090 254 7374 6694 64 6452
3113 5099 8466 6011 6506 5232
3413 2165 8898 2665 1531 9231
7442 1945 6867 4404 5278 4726
2996 3564 8557 5913 7958 7729
8367 5153 621 930 1915 1831
6898 9728 3140 4588 5472 4966
7896 7662 9016 8117 9813 4281
6002 2717 6984 6955 8192 5384
9683 3200 6544 9233 3674 8908
6287 5058 2795 7991 2612 6571
6872 3138 5184 6190 2177 9127
8832 9190 4146 4127 2764 9064
6727 2222 9680 7586 328 3592
2244 1985 2357 7319 8921 6238
1135 7828 8035 2760 5744 275
7438 5293 4632 843 4958 1569
565 8450 2807 6770 1150 5688
117 1250 2924 3370 9705 1619
2966 7159 3921 4785 8695 6079
1955 4952 3486 7062 726 6183
5730 5112 5836 2604 2080 2487
752 3519 3650 9072 5256 8203
1502 3196 6231 1335 7448 2098
7426 3874 901 2250 1724 9773
3501 2172 1281 9746 2060 6358
764 3602 8181 2492 9573 5389
8691 1082 5962 4586 7054 7621
7112 2887 8198 8624 5686 3642
5520 1915 2830 2469 1466 3317
2010 232 9771 914 807 8753
2908 2087 7224 2814 5118 9730
1386 1635 4646 8807 4959 3191
7068 7990 1946 8425 908 6312
6550 6960 8278 6519 6226 3471
8584 2365 8125 6728 4086 8629
1018 2903 1635 4878 9696 7375
5071 2366 7697 6659 525 643
7605 6058 8448 9109 4754 261
3121 4199 6698 4861 160 4108
6545 3557 1476 326 2986 3919
4208 9609 4573 1482 2725 9902
8599 7273 4254 2740 3181 5887
3244 9761 686 2294 5326 6679
8005 6032 812 6865 3400 4756
2080 3916 8656 2026 2402 1107
6661 882 9647 9954 5620 3438
3173 7180 9552 1007 6206 8072
4579 3325 3702 8390 8927 3521
1530 9856 9734 4572 3855 4907
818 4939 7532 4941 8114 1170
7846 1896 5377 2980 774 7156
180 6965 6968 5483 224 215
9043 7166 966 224 6080 8678
7517 8349 3897 260 4314 3424
9903 6937 9709 9540 968 5137
9643 5057 7667 1802 5668 5227
9145 4804 7409 5669 8466 9776
7580 8659 1185 7562 8539 3901
3309 659 7850 6559 9581 4999
3380 8285 7248 8990 5982 9588
5446 1038 224 4780 4302 269
9937 2729 4492 1268 5581 2305
5670 623 5846 3512 1980 5776
2933 8646 7971 4004 5611 9387
956 6478 5912 8137 8501 9135
5223 1039 1627 551 8612 1302
9802 9236 3515 867 6564 2441
8143 8029 1465 8763 3939 7481
8921 9877 5112 9490 1123 7803
9492 4100 729 8107 235 4199
3139 8671 3133 2680 6972 4287
5004 2067 92 5204 7607 669
9987 7639 696 8286 7583 840
8071 6876 1643 4203 8313 754
8324 1308 361 6575 2072 6803
9760 4555 7213 7587 4756 4533
7100 7372 7947 7783 968 4912
3850 2971 4111 8739 4542 5271
987 7595 1238 3219 8869 7367
3275 5707 9112 3660 8237 4384
4381 9498 524 8025 9352 5662
6096 1528 5726 2609 1525 1335
2002 109 9222 4256 3851 7759
212 6908 5698 7672 5060 4451
7549 3213 1699 9122 9092 7263
1734 9771 5805 2917 2594 5590
9208 4309 756 6054 9337 4945
9663 6742 2189 9582 9872 8449
8346 6864 2959 9697 9864 9426
3092 496 4118 7890 8932 5514
3723 3928 1527 6788 9642 1830
566 2821 4081 283 4374 2002
3134 9058 7996 3896 8221 9208
1644 4978 8867 4107 9186 2667
1792 109 9196 4077 7829 824
2994 3944 1874 1707 2643 8318
6570 3283 4157 3515 1638 5669
2441 386 2802 2007 5697 9826
1672 4926 9518 2791 743 6050
5778 6957 6767 6702 79 3888
2684 2500 5666 6607 6621 2861
8208 3614 2624 2126 3419 7978
812 2438 2144 2936 6474 4420
4737 7367 2320 8197 5642 9700
7387 1675 2130 3803 5529 5065
7488 299 3201 43 6263 9523
6751 7922 928 7480 7472 2397
8642 6168 8790 4227 3953 4441
744 3917 7344 491 9706 1553
8852 3212 100 4920 6022 1802
6241 7089 8228 8147 8775 8527
7350 2424 5389 5357 6984 96
5742 9186 5704 889 1593 9856
46 7657 1490 4486 899 7986
7049 8645 3855 212 5493 6751
9491 9869 1772 4283 2880 5451
9169 1045 562 738 2155 7459
3196 9305 2286 3 7041 7727
8985 5136 4252 1547 7787 5267
3725 17 7042 6965 5425 960
8578 7618 2060 6648 5054 5834
4102 281 1318 5442 6127 4070
7853 2647 8352 6249 7797 6498
3600 4112 5673 6295 4239 1973
5095 824 9267 4923 8249 9654
6844 6404 9951 8503 7750 5743
1514 275 3771 9903 1831 1560
5202 6775 7286 2238 3224 8994
7413 3109 7705 3215 3198 1690
8043 8537 5323 5289 1160 3492
5137 9980 5254 5347 4992 7073
4852 5511 8645 7161 5107 4306
7993 7053 3198 6794 954 8091
280 9513 1444 4175 4321 9808
5404 1613 20 3884 5209 6234
4800 2529 9663 8554 6529 6691
681 1347 8538 1027 6418 465
8098 4966 4593 1811 6872 9410
4751 3907 2084 2177 149 4323
2283 4616 8246 8963 9374 913
4167 7823 1696 1301 1895 3220
7186 7878 4559 3891 7181 9799
4711 3870 9099 9615 4641 9200
6867 82 7847 3754 3855 2080
4156 4631 9340 1434 1297 5440
5405 7038 695 8284 315 9172
4076 735 6765 3952 7652 3764
7856 2232 8869 2245 2788 5904
6751 4023 2259 9505 4806 1410
2959 4872 7998 8398 8102 1802
2769 7530 2500 8117 6239 6661
3366 5170 5491 5711 7110 9047
6718 1450 5560 2313 4179 554
176 8494 3822 2827 557 5968
8594 4370 6198 3598 4813 2700
6752 1757 7050 1778 9273 2267
2210 1998 1444 4148 9008 4055
1313 6845 6928 1672 4312 9406
1987 8000 610 3021 3794 946
2405 9829 4284 8524 3098 9878
527 7796 7820 4117 4943 2574
3662 7812 9045 7339 4185 8653
9238 5436 2258 6055 222 7428
1157 2971 4858 2315 9152 7265
5232 799 5389 3 4491 6692
4285 1139 9190 2188 910 5560
4532 5442 7721 2868 1130 5216
3194 913 4266 1313 7181 8505
8573 4481 1921 1093 556 2928
7804 4605 5098 3541 2555 5135
9137 5951 2212 8554 3208 2007
7146 3946 2046 2145 7420 4734
119 7954 587 6884 3584 923
9125 5079 207 3555 8115 9231
9644 8867 5771 7383 5958 1850
3667 2331 4243 9745 9683 8320
2024 5113 2021 7597 4289 240
3084 4311 3166 9459 8494 5003
2171 3773 3472 1445 6282 5694
3820 77 5566 4599 1809 4433
6999 513 6584 2333 8709 7037
3550 5398 6634 8582 8211 6599
4593 5379 3901 7747 2389 9128
5945 1593 1856 6572 5952 3510
5921 1670 3602 6340 4696 8720
2770 9343 7313 5582 3278 4136
6458 1528 1497 3443 7971 9138
8550 9819 2353 3597 2115 3110
6415 1702 3056 8147 9634 3708
3851 783 3464 2671 4185 4631
1564 8004 1666 3831 5832 4037
1370 7809 8343 6277 7768 1642
2053 6033 1813 3822 4070 2578
8722 7811 448 3007 8134 795
9623 9712 1523 1348 2323 9757
7012 8634 4063 1460 853 7371
1504 2826 6655 1355 4944 2856
1982 446 2662 3223 6753 9395
3508 8439 6830 7536 7613 1528
6559 711 3857 6908 6269 3800
8342 7172 6471 4321 5716 2470
3919 9121 2013 3008 2097 4826
1832 2263 5825 7060 7945 7640
8016 910 4302 9727 6651 7679
1384 7750 2576 2106 2132 1397
9469 6209 5173 4424 887 6209
5088 2814 6340 2443 6516 7869
5109 1186 2084 4947 372 1568
1970 8648 5846 9523 4393 4111
860 5477 4839 5675 2044 8585
5285 7998 3607 2161 1861 3293
3511 4845 8743 9359 3895 1853
1256 7892 9407 904 7607 4371
90 7285 7381 2523 9413 278
1961 2283 3351 3573 1933 6589
1624 5079 7384 3405 9839 3709
7977 3351 5595 9801 1212 4286
8910 9741 4733 7001 1505 4927
5014 617 8552 9176 294 2837
308 6572 3185 3734 4830 2517
3710 9710 3511 9208 2433 4771
8873 3289 3668 1722 6632 249
4052 5391 3435 909 4935 9312
5570 2459 7605 4825 5411 8254
4538 6683 3412 6760 3398 1509
8983 2119 1134 8612 8493 2688
5395 1798 6040 5240 8076 9467
6674 226 2851 3572 8371 7970
8698 2558 9123 3472 6360 1800
6717 2153 4355 6799 4987 1775
4523 7883 9124 3376 4609 8994
7135 8516 7603 5322 4962 5359
5493 7612 5819 5943 493 4868
8587 4432 5018 3909 7114 8595
8930 8969 283 3581 1175 4134
9213 5699 1445 4556 10 3844
9307 6939 9408 6439 4852 2098
121 3826 3537 754 3082 7788
9317 609 5045 9579 8732 7882
6970 7511 344 2577 8033 8592
6009 7124 5581 3834 5480 5534
141 4518 5297 293 2452 3261
4347 4211 3443 6853 6246 6657
9712 3558 1423 4831 7270 1046
8962 8401 5528 2032 2653 8340
1507 4484 2269 5182 1919 2776
2312 4514 3681 2875 6182 8627
3008 8730 2444 4672 1538 76
4710 2606 2723 6248 3281 755
2946 1894 642 4014 599 1203
1702 2165 4356 2126 8807 3366
6504 9743 8792 9566 3002 5656
5374 920 2696 8019 8666 6830
2491 2426 8983 5739 2998 8614
3885 1809 8796 911 1871 789
5356 9315 8247 6280 3530 8850
3372 9377 3099 1221 7853 7718
8012 7678 8045 2778 2431 4379
6747 1728 8723 3509 236 8509
9822 8645 8167 3484 6586 1877
6925 7419 7354 5956 7267 9762
7320 1987 8990 2804 492 7325
4170 478 6106 9588 5303 4060
5097 5686 6528 4683 9388 4287
1481 2585 6478 3559 2196 2440
655 8764 5104 834 6725 9914
7856 3783 9521 407 771 2913
1312 7116 8756 2920 8090 8925
6752 7810 186 6569 2080 6290
8858 2092 8546 7873 4971 1202
1736 5626 3150 9079 8061 5791
8066 3226 3999 8426 3978 7504
6574 6942 1818 8820 1599 6411
6478 1884 3517 1488 4807 4423
2301 5226 2035 834 2316 4587
2632 4426 5303 5702 3501 9499
4727 1319 3380 23 7015 1519
1592 6787 8915 7869 9903 2891
3231 9481 5180 8406 5057 5849
3012 5604 5164 2902 2090 9987
1225 4889 681 5569 3412 1887
8414 9516 7425 3020 5072 117
7802 5388 5133 3508 8166 3508
3250 2548 9879 4102 3446 8895
5503 9779 676 8212 800 4379
8691 1620 2319 5825 5619 1229
5844 762 1526 4798 2881 8468
9865 9961 6284 8322 2750 7814
6859 6965 2999 9988 8363 4711
7553 6970 9325 1825 1275 6812
4446 3837 417 4313 3505 1829
4201 9953 7931 8026 5337 1268
7114 6817 8435 4006 9731 456
1983 4078 6231 4774 8387 6430
2689 1680 5809 3853 3678 3095
4637 5631 7546 1839 9546 1462
8835 8523 9616 2802 9324 4676
9276 9716 4416 1385 9491 9664
9201 3279 2596 5392 4812 41
2426 3238 9691 8484 9530 3370
1159 633 1055 4641 6695 5269
1024 4718 1337 5142 6651 482
4492 4139 3568 9360 88 9150
381 9019 1227 2750 8033 6944
4672 5028 1262 5120 5310 5079
9104 5766 8170 267 2021 7639
9930 2709 1928 871 2648 9193
8878 7127 6767 8420 4780 2892
9140 646 5107 1564 5732 8743
8394 9026 6998 6986 7286 3457
6269 4158 6967 7668 1933 4401
9970 8740 1799 7072 9703 211
66 5162 1310 4165 6696 6962
3507 5886 2410 5699 507 7078
6609 2686 274 5401 8034 3422
499 9004 4269 8077 7427 9098
4051 2111 58 4524 5649 2748
8175 1990 4061 8268 7774 3534
300 3706 905 7672 5805 7803
8073 6141 4758 3304 2591 3067
3545 3334 2699 6485 9234 8663
6232 5562 4480 538 3778 9059
8477 2701 5061 5014 1436 5794
1875 3832 814 4032 6689 7535
2625 6224 288 4310 8374 6888
1155 73 9853 6917 6273 448
479 6881 2393 6377 296 1284
1773 110 4751 70 3597 2613
8003 4418 912 6614 3987 3543
6657 1431 3354 3912 9908 2036
6646 3923 180 7578 8004 6783
9450 5714 9641 8894 7868 9019
3919 818 3087 928 906 2572
4714 7225 5974 3343 4330 1165
3087 6867 9915 4020 3116 7734
3754 3915 5161 6589 2404 9825
32 4008 761 9086 7060 6579
5027 8756 5193 3176 3613 5933
9891 4914 6178 1235 3689 4253
5940 239 3942 7225 5765 2170
6732 8158 8501 7071 261 8025
8984 2945 6471 9204 9011 5656
7091 5379 8339 3367 8459 4906
26 2921 5309 6717 4024 3786
7233 1664 1618 8866 9691 4253
2865 5532 1309 6675 1929 6293
2396 9771 708 9935 1372 3142
571 4485 651 9315 192 3145
6184 9485 1163 4569 7502 8576
6367 3841 4384 1980 2664 6009
4627 4482 5348 4127 5490 4555
8875 1952 7362 5560 732 1615
1395 4980 8661 7240 6560 5094
3630 6110 2051 1267 4883 7408
1112 5392 461 4619 9644 5525
2748 9161 449 892 3106 8407
7313 4745 3582 1844 7613 1396
8772 245 1473 5569 2662 3253
3765 6209 4769 2842 738 8097
2247 7395 6223 5952 4004 8893
6056 2815 9567 3685 6202 2417
8079 5383 5885 1457 8519 7701
1438 2930 3040 7236 2648 9313
2929 5905 2495 600 1997 1248
7017 7916 8250 2004 6648 6261
7817 7531 3640 2990 2935 1441
7922 5218 3775 7237 3435 1143
537 9272 3868 71 2819 689
5678 984 4011 8942 8866 1949
3094 6 5322 374 6224 4329
5303 9939 880 536 9904 4470
8391 4161 8188 1349 5382 3411
1309 5615 4441 4832 9337 2406
547 8224 4918 266 2295 2370
9361 9143 2912 1806 4874 6101
4078 2885 3088 9661 1453 8762
2629 1547 8180 698 7405 9870
5815 3174 4457 1149 9306 3858
410 1988 2770 5733 6212 8556
297 1921 657 8408 5070 3645
3502 9211 2567 6125 5798 1207
3140 819 2841 497 6001 9839
8505 880 6008 7202 3505 677
8560 3424 3811 8692 2374 6020
5068 1600 5510 1613 8373 916
6230 438 9849 9230 8111 8068
2782 1126 5273 9720 7234 6908
2643 1588 9732 9440 3835 4218
5323 3723 6464 1232 6151 235
3329 7136 3298 8043 1041 2860
226 7537 6138 271 7679 9904
219 2286 795 7134 9184 1069
7251 8192 7276 4958 1793 5794
9174 3828 1178 6723 2941 3301
8731 6524 9544 6830 4187 5697
8367 2753 4460 4576 256 4730
5172 7431 2767 1599 9603 4834
557 165 4912 8129 5987 5983
5796 9256 1115 7234 8786 3793
7515 180 4866 556 576 338
3417 7238 4579 6321 8215 8567
5450 2764 7132 8277 5165 2476
199 5287 1315 4182 5181 1060
554 9549 2035 4761 3199 5913
5736 8825 6063 4992 6161 3646
6155 3472 4882 9166 5137 5262
7526 2730 1789 9625 6652 5600
9276 5960 2766 7136 6648 546
4254 5531 1637 9676 240 3063
2694 8172 5726 8031 6797 941
492 8023 286 9867 7657 4782
5966 1470 4430 8140 9421 6500
9814 8779 9853 727 3722 5938
2638 5933 4392 5707 7752 6190
5407 9014 3172 7313 4426 6519
7176 6191 7991 6587 8620 3529
8802 296 6333 1620 3938 8338
5070 2658 7968 6137 2502 7133
9808 2640 9723 6877 78 8585
5944 9993 7798 5387 2205 5914
975 5317 6404 7130 5093 5437
3643 9308 33 2257 4723 6549
4600 2159 9028 2743 1277 4432
1643 7855 4787 79 3233 6389
1667 8023 4473 6592 2967 2874
6821 652 9793 5134 3445 3731
3882 865 9486 3016 5755 5534
5619 5348 4209 9320 7299 1047
3361 8819 1262 5184 8712 3218
4357 5848 365 1066 8269 4328
2454 2934 4080 7963 7348 3396
9680 5869 444 8172 6440 2307
9426 1537 6322 6005 52 4912
1534 6598 992 406 4054 9252
7107 8350 8059 9387 688 5543
1818 4772 7081 9651 7649 9290
9100 2492 7081 4573 8381 5890
4031 1775 9404 7008 1282 9948
771 428 7643 3207 9343 764
9556 5744 824 4150 6951 8818
2366 1712 9268 4984 1970 5127
7614 7055 2350 5755 4674 6934
5122 3590 261 7890 8780 9517
5402 8542 2643 6399 2317 2224
1344 2139 1630 1831 3114 9935
2125 4832 3516 2619 6558 3704
2293 2243 7225 332 2908 9363
8770 1356 2446 6989 7664 2606
4566 8942 6731 5246 5719 6030
5399 3075 3673 3670 472 5117
2909 8476 9936 6858 3119 9306
7260 9529 2503 29 5592 2198
9436 9161 7690 2003 1558 7578
802 9639 8046 3765 8140 7968
4372 573 2062 3557 7533 9793
7476 934 7895 6018 1158 8245
298 7443 8419 189 876 7209
8253 9360 9025 4338 9456 9807
622 4834 1648 2131 7432 648
3790 1673 3118 6511 8118 9929
7136 9120 2889 1703 5674 6853
674 1170 1025 9752 6582 4763
376 2122 4637 8992 7487 1424
7624 1989 8601 4024 6286 2020
6969 6249 5527 3883 8728 4488
4068 2164 1094 5495 6296 9107
3915 1448 5895 3928 8920 7151
3834 4276 9166 8005 5980 3384
6554 2457 69 5176 4396 2945
2320 4463 6579 3006 7722 3021
7624 1933 7946 1707 9747 9530
3559 7518 4813 79 4779 6298
3603 9339 9426 7950 8515 8285
7550 3437 6599 8991 395 4461
2155 7776 3962 1256 1612 9050
9324 5296 9423 6482 5020 736
6219 6909 1994 3885 3125 2719
9040 1755 6534 3967 6002 4188
9403 9127 3095 8339 8968 2856
4174 1463 8361 7994 7695 6595
2183 3152 3296 6202 3204 8506
9808 7591 4355 5284 2932 2387
407 7132 2251 5072 9126 6337
6831 7202 8281 103 4539 1245
3027 8294 8756 3738 5915 2162
341 9011 856 3558 3515 7725
5321 2682 1417 998 510 7123
2537 5684 5398 4169 9616 3101
7397 8484 2221 5684 3426 2111
8366 7505 5387 6383 8718 3322
4581 2781 2159 8477 740 1967
4336 288 8994 4069 3099 3151
5616 5614 9054 9044 8983 8571
9923 3653 5257 6091 6942 5351
2201 8022 2787 8065 2212 6118
9490 8251 5722 9311 7760 1445
7453 4238 323 8516 53 8767
3113 5255 3117 5577 198 7416
4221 1429 1752 3102 1621 5740
1304 8814 8099 3262 7952 2594
4530 606 6611 2530 4223 2010
7597 9295 7865 6937 3369 9983
6196 7198 3577 9218 9881 8505
2389 4563 6494 44 4819 1946
7917 794 8767 6750 4916 1835
5047 6968 3785 4525 454 9762
3880 3141 9963 2830 5402 7075
1605 8596 7955 7363 9677 2611
9209 5184 6480 2313 6012 5795
8968 6526 4022 6809 854 6394
832 6882 4925 4934 2414 2902
5646 6304 3624 3442 3564 1128
8486 9584 8539 2839 344 5461
3226 8976 591 7043 1674 5518
4907 8463 3018 5869 930 989
369 7557 7738 3015 9143 1441
5475 7645 5951 6190 8036 6918
6021 3727 128 564 6688 5021
9973 805 2117 7739 2513 1430
4184 3607 2225 3155 3023 3741
9159 4810 9204 4342 4119 4013
2407 4733 5422 8101 6558 4642
6928 4548 3882 6232 2412 1091
488 6313 1790 4586 3040 5833
7282 3854 1373 5831 7952 9092
4841 3248 232 4340 4453 4238
474 7017 1090 5518 5346 1124
5599 4415 1919 8064 447 8310
4031 3153 2886 7263 1417 7526
2944 4334 4438 2269 3214 4179
492 5589 1789 3819 2009 6431
2757 6579 4648 5598 1260 5848
4291 4349 7412 474 3974 5487
1336 639 8107 5202 1086 7747
3448 301 1992 8685 9969 8328
3005 6333 8586 9899 3648 2498
3582 7199 9322 3912 2405 8384
1017 3182 4821 9796 5171 6822
5096 3893 7048 7893 8486 9834
1508 8874 4287 3940 8782 3947
8439 9860 8113 3467 6670 6714
868 5033 5771 9896 5159 3538
7908 9397 2348 6053 5357 6221
8896 5175 5579 4885 7861 6909
2787 8381 1197 3255 2147 1086
709 7149 9165 7475 5372 3616
9276 8709 3790 8451 2948 8846
5345 2915 1338 2990 1755 7617
7341 3548 7294 7681 944 1892
7345 1019 6630 8575 2909 1006
8616 3600 3073 9380 4485 8763
8402 8945 9687 7808 578 725
5182 1829 107 5233 875 5922
7817 8102 5547 2405 4177 6889
9726 4629 242 2258 3555 3588
4887 4932 3746 1022 3205 5815
3845 382 9463 4129 9524 7488
7588 5571 6044 289 7738 2495
2763 8610 7401 552 1322 8572
9518 1522 7415 3629 9770 9752
8126 2384 671 5084 5668 6315
631 7224 5376 3970 7936 2148
7174 3097 6568 689 2625 7990
7760 3362 8445 9877 6112 5466
6270 2405 3320 7872 8544 1935
238 4079 3788 6855 9945 9802
771 2476 4137 5901 6938 4537
7808 4846 9730 1326 8753 1138
2291 328 1204 3789 1669 3581
1971 4273 6987 2356 4132 8631
7644 3216 7203 9708 1071 2158
3066 4370 290 5476 2992 8488
7495 9977 8012 7380 8492 6883
3221 6156 7734 2908 3960 788
6185 622 5092 8865 7526 4285
373 1932 8209 5156 8459 1650
6093 5591 9334 3321 5703 775
9664 4973 5116 2117 2967 5545
4200 2782 246 8401 7132 3476
896 5339 8939 3661 2488 5502
2097 7700 1711 3362 6192 3038
2587 2759 3049 5031 7184 6706
7700 2651 2093 1074 8955 2528
310 4161 4073 6064 7034 2054
8026 9605 1168 3703 5759 9085
627 2891 3618 2253 6903 9005
1392 3074 4550 4429 5111 8738
9884 1089 7741 6961 3819 4889
1514 7184 1532 3056 3172 7152
5875 4286 8053 3252 6173 2602
5931 3459 9465 9229 3308 3053
4512 6050 6067 7685 5458 7945
8507 3645 9503 6139 9415 4032
7438 2359 5820 4920 4525 9515
4732 5439 7254 6527 8576 6595
5867 5515 449 2755 9774 4360
851 7990 3615 4420 8862 4299
3714 1935 6762 8794 1916 1475
4262 4153 250 2528 5589 1099
5262 1845 4006 8644 4567 2619
3295 5575 2444 939 8101 7824
9109 8064 7371 3885 2791 439
4900 3271 8569 5059 3526 9023
1847 61 7405 1315 7011 7960
8425 7919 8674 9538 2838 4752
3786 3255 8934 4837 1318 2720
637 5358 6612 1705 1544 2886
4764 2591 4826 3917 9661 2920
4757 6494 4357 7261 354 4960
8524 4018 5773 8839 9614 3607
8687 9354 9203 2711 2537 1183
397 5997 4123 6035 6446 6950
2430 8502 3667 5537 3796 7778
1648 2915 5834 8012 2841 9144
902 8212 4507 7892 3075 8839
3013 9863 7095 5828 3302 1854
6509 7499 5844 1558 8323 2736
7238 556 9778 2015 3487 7168
3877 6474 7544 4376 3433 62
1592 1041 6560 8724 4178 4592
9393 3395 8587 9670 9535 8082
5415 3458 3780 8955 9663 5824
3211 427 1233 7983 2935 2055
3733 1216 3570 8552 9847 9227
5046 4343 277 9004 7778 3155
7478 9994 4650 1391 2165 5400
2830 6969 9914 7429 4372 501
2003 174 1732 9752 8372 1315
8177 1840 9800 6550 8159 1745
5906 5231 9733 6314 9461 2333
241 2518 4956 984 8914 5807
486 7954 5830 2077 482 4700
320 8395 5283 3076 5125 1466
2913 3307 5460 8767 7980 133
9888 2584 4733 4346 9099 2477
6154 6425 7776 2097 2742 9676
2957 1175 1811 9927 4011 4497
4869 7386 9164 451 2100 1686
3536 7174 8637 7500 3716 601
7750 2209 728 1298 3324 1774
570 3490 9467 2915 676 5751
1737 5819 3679 2331 7295 1659
6755 4025 8421 5845 4988 7487
489 8009 4730 3727 108 4458
1797 1424 4233 4206 4971 1362
5507 6608 776 8607 1817 4736
8417 1276 3641 569 5277 3711
5343 2115 8064 4506 8103 5519
7077 2549 6487 7232 7159 1226
6290 3257 7148 2314 5242 6977
2655 7981 7589 339 1224 1479
4715 6706 362 3797 8489 7370
5273 9815 3205 4402 3494 8328
7999 1757 7065 8760 2288 8863
7466 1851 4690 1677 8364 4474
2956 3773 9158 9335 2760 605
4206 6333 6578 1855 2756 9142
9983 1634 889 3511 5080 6124
4299 3526 2594 6995 4526 1164
9947 8155 5064 3236 4210 5417
2520 2627 5715 598 100 2418
4175 96 9935 119 8644 4218
7347 2674 3134 5636 1088 5635
4873 5317 4945 1801 7890 7796
6583 852 1481 1271 3028 9164
6757 482 9350 5339 6212 4129
8895 8693 5037 8001 1325 4072
9268 8312 4410 1758 9833 453
2738 3119 750 1218 556 5620
4899 7910 2312 5910 5472 8983
1475 3717 6622 8236 2890 2884
7090 2545 1353 1618 8183 9316
7182 3956 3735 2380 6590 845
6614 4873 3267 3135 8123 8726
8802 1643 6379 2939 1173 5461
6420 2223 2665 4643 5923 1867
5254 5700 3890 2858 8358 6013
3602 3036 5732 4319 5040 9946
6195 7492 8567 403 6488 4824
2531 6885 7925 1348 8637 3864
2578 3237 5176 6980 2362 7483
9558 9986 2607 2270 8919 336
2075 939 6400 926 341 5068
8420 8102 1420 3830 994 6089
1395 5148 970 115 8281 9857
7533 9344 2196 3434 8496 1305
9145 3361 4476 2583 5018 1926
9894 5368 4684 8048 3526 7054
9092 6529 502 5861 7918 5192
2489 2125 7658 7872 4997 5221
147 7510 494 6873 7629 5144
3185 2354 1867 8616 3049 460
2154 3696 7618 533 6061 8991
1064 6960 197 6001 1258 4521
7533 9725 5889 6804 3264 6664
4855 7630 4087 3976 1782 1893
8947 7187 7726 3780 7763 9733
6033 8918 8275 3583 191 7819
7761 4653 4746 6648 5869 1856
7877 8361 2252 1514 2414 3330
4265 1193 7396 579 4761 5226
8231 3881 473 5295 2027 5041
5062 8347 712 8440 361 9657
6386 5230 6765 4253 1039 393
7422 9954 5082 3558 9920 4691
2852 8074 9385 2069 1249 4470
4716 9537 9318 1337 131 8624
7357 7295 4488 734 4978 8808
4720 5697 1774 8947 1877 2755
7805 4601 7086 9611 6430 2854
701 3755 1814 9521 1316 3250
6722 6477 2437 6096 8519 5497
8165 1450 871 8626 7021 4548
6467 4680 5661 7115 3207 1229
7180 9909 3767 4250 1856 1759
9348 8572 4230 3942 9978 3371
5583 8690 2953 6668 3080 2764
4398 252 3540 2433 8446 7612
4200 974 2351 1085 5474 27
6994 3873 2743 9348 1200 9856
2296 5714 4800 9484 5888 2521
2227 1852 3389 9290 9804 725
6296 5625 9471 3623 7826 6105
3861 707 1037 499 7705 7547
9189 7061 4355 4705 6841 7703
958 673 1626 9081 7047 2395
2686 4472 4 136 7441 8559
8879 5550 4858 266 5966 7070
1237 9478 1825 1723 4306 7732
3591 2117 633 8205 8940 5987
23 1743 2595 9343 570 2742
3436 8508 1110 4630 7811 6962
3649 2212 4565 1450 6721 3092
1247 3781 8160 9804 1941 5942
7769 792 4779 6880 4210 2983
7859 5850 1637 131 8724 912
6141 7918 2532 867 4570 1511
1202 7776 256 7436 6226 2749
8834 1658 2838 2911 6471 6511
8149 9994 4806 561 7066 6880
5156 1191 7596 7995 1719 6037
8933 6117 6181 2901 9570 5636
9038 3952 7990 4900 147 6093
6635 2156 737 6800 5814 2802
4590 9012 4774 7290 9743 3683
3289 6057 1987 5905 5194 8073
1824 5177 6042 6213 3384 3743
4714 6340 3959 6725 4595 3746
7068 2041 739 4490 1666 2971
7093 2032 5145 4909 8859 1930
1030 4499 6346 1071 9188 585
9745 9272 2981 3780 6647 307
3177 5441 6881 54 1209 8841
2893 1600 2065 8886 8783 4171
2168 4831 3029 5678 1661 4079
3576 8175 9616 9764 8098 4021
2089 5620 6566 5404 4473 2089
2112 578 2844 1661 4010 8446
5688 9201 328 5136 6788 6311
3410 9363 3560 1103 1083 3183
1037 7742 2642 1084 3632 1499
3381 3057 6584 7204 3308 5081
5969 1325 3721 6375 5589 8616
6074 2529 5847 2096 2408 9575
539 7775 6656 6231 7429 8464
4924 6841 9996 7055 2973 4613
155 8844 1910 933 2788 2014
7128 7988 6961 3476 2998 6182
7465 183 1956 1313 7611 2763
2113 2105 5945 452 7150 2554
8516 805 8058 4590 8144 9396
107 2638 7748 9114 8827 4165
9889 6918 9069 5760 493 81
1594 3058 5722 9868 3533 7956
6471 1973 2503 6810 6739 985
31 1456 4809 5699 4554 7075
6877 531 2003 140 673 442
7591 5671 484 2721 5039 9554
3128 1017 5403 3361 8270 3212
5384 4270 4736 7843 5421 349
5803 9970 9784 2734 1015 7310
5584 8076 4901 4462 1942 5554
7524 6447 8941 7053 8799 1057
3187 4109 9334 9567 7291 4341
1592 6908 2777 6241 6954 8569
6105 2791 4503 4019 9436 9703
3843 8265 4816 5676 1373 2811
2394 7876 7889 8845 323 1548
1928 2619 2204 8373 5757 5735
543 5155 6380 238 564 7235
6024 9673 1997 9068 9577 5600
7135 5407 5249 7032 9757 7625
7530 5532 2706 3863 9790 1961
1371 5928 9665 6772 751 9102
719 8551 4444 7566 2446 7832
3183 5720 1952 5706 1247 1120
4839 9644 5574 1770 7364 7904
4525 9189 7695 2103 9507 9166
4189 8135 3514 7397 8176 9662
9567 6428 8209 3776 6100 3708
6754 9197 5563 8786 8579 6574
7985 1607 3268 7805 4196 685
7282 132 7747 5333 9727 270
2704 8749 418 3018 8340 1334
1320 2911 1056 8756 2630 5337
4412 2591 8973 2272 9614 7623
4728 89 120 3716 1204 9606
2366 3579 8108 7913 7298 1740
4849 9047 3374 6520 4898 7
1022 6865 1342 2553 7911 9625
6963 6611 9208 7452 145 7543
795 6890 4385 912 6616 5244
2811 6651 9095 3864 697 3043
7471 3680 2310 8324 8064 8020
4417 9153 2505 1256 9924 2210
3799 256 876 9909 7372 8071
1588 6036 5671 7807 1170 9479
9045 659 9470 9136 9955 6793
3531 3957 7567 5603 6275 5435
7819 5844 6483 6973 4876 512
7664 4748 6741 9596 3188 9584
6587 6628 9609 7885 9557 3387
3617 1793 5459 8253 9440 3657
3383 6913 8694 148 84 474
8365 1983 8081 4604 5867 4383
4666 1372 1204 1693 8068 1809
6048 507 2555 4198 3284 8549
5146 2913 5792 8259 5701 4461
564 5083 9574 5636 6944 9315
2227 7001 7814 324 3321 6737
9294 122 8391 5985 2438 7607
553 5731 756 3000 4766 530
634 880 2169 3845 6852 4320
929 5977 544 2552 4181 3574
8859 838 3360 3891 2020 9501
7124 550 2543 7714 1446 7044
8073 6688 2118 1894 7059 6651
2922 7292 685 9441 3446 5804
3104 4733 922 3491 5783 6709
8375 7580 6859 1043 9423 6606
922 6112 7016 4655 1236 9676
8413 3703 4913 6219 482 8815
3282 8841 2977 4728 1234 4446
1974 1976 1017 4109 3715 3360
4974 8358 2641 8089 9781 5723
5060 6540 1772 6640 3801 2752
8622 3627 3886 5390 2803 3051
8782 4833 6277 3078 873 8826
6014 2282 9932 2607 2611 2980
449 1715 2199 9295 3414 5633
893 8933 1890 6354 575 4593
8330 6686 5988 3636 7551 4383
1393 9782 3216 1233 6671 5573
5204 5669 3092 9433 2252 2261
3553 1896 7817 7442 2072 4565
5210 9417 4951 5506 3551 7732
1077 9111 1039 9724 7480 5355
4242 3692 6465 9359 6124 2673
4885 6346 4743 3598 2680 2047
3051 3628 5656 2923 8557 303
7091 8650 8306 723 2342 8905
7694 2581 6788 1206 6205 9182
6607 8275 8252 3722 1014 7498
3653 7015 4330 3850 7606 9721
5230 4304 9453 2538 7355 6353
4146 9823 7038 387 8385 5429
4847 3612 1234 9370 1615 1346
9783 2793 6220 6241 5457 5053
1171 7307 6431 6230 7140 6953
8101 3418 7179 1616 3557 4914
6832 3999 6220 2837 588 3700
2555 3235 9558 2031 2560 5607
8809 3855 6561 1712 6516 1432
3205 3641 1615 2533 7391 8339
8836 4090 8743 5012 8737 739
1927 8457 409 4984 5039 4631
9905 1522 37 7071 3470 8647
2397 48 4889 4417 1840 9159
2059 7548 1676 1329 2155 9374
2472 2449 2017 6002 4546 5212
5686 8365 5927 50 9002 705
1023 1447 9218 127 162 5327
4348 4215 7035 4697 7520 1692
3239 9218 8581 5651 7594 1482
3692 2441 3327 8340 8029 4004
2473 9590 1453 2034 8634 6945
7145 6062 6975 7402 3665 7473
9639 2615 4147 5204 5759 3701
9075 2980 811 6806 565 9886
6706 2504 9127 7402 7238 912
8477 6309 5055 182 9546 598
6244 2730 999 6210 7157 196
9428 5722 6183 6057 3177 690
637 4873 3335 5757 7151 4150
9679 4244 378 4847 799 485
1748 4842 4853 1640 2698 3200
2625 5933 2408 3425 4363 4993
5971 2041 4126 6832 9527 7291
592 1796 3209 2697 7854 5963
6760 8438 2921 951 3652 5906
8423 1134 267 2085 9752 9138
140 2791 3686 6907 3546 3899
2711 4304 9039 6684 6611 8549
5274 3760 6444 5758 8950 1945
9486 2290 7289 1386 9845 2603
2966 9095 8965 2345 9567 533
2571 6502 8090 2800 6718 6612
7774 6171 8064 2547 3883 706
9863 8191 1540 6540 4530 3477
522 3853 4618 742 7206 4567
7752 5125 7090 1056 7005 6858
6500 4702 1377 3481 4424 2687
7579 781 9529 742 7306 7549
300 4559 7742 5888 6554 5700
1510 6285 5144 2904 807 8844
2644 1248 6773 2440 8669 3874
7985 2917 9295 2981 6431 5358
8666 5224 8947 5816 7807 1695
9432 8579 4807 711 4844 2782
1871 3003 1291 5257 2515 3343
8535 4710 7142 217 8449 7641
8043 8944 7367 5887 3492 1373
7305 7322 6980 5518 3593 4490
2675 2937 5439 1048 4766 7758
6694 5164 200 2277 4743 8798
3345 5478 3423 2121 9504 2599
5024 1275 1312 2448 3601 4842
7989 6634 6115 5185 2330 7222
913 4775 3769 5515 8898 4785
1318 8935 8319 2621 1416 7942
1963 8303 4644 1713 9636 3161
6439 653 4117 6003 8928 9524
9717 5019 8441 2257 6112 9686
5968 4789 2607 9172 7878 4294
1062 2417 6322 9431 3291 2951
9667 4851 8126 2913 225 9539
4425 3211 5199 7679 7765 8501
5695 9233 3318 9830 9809 1957
9220 6205 2330 3596 8904 5283
2973 3840 2063 9309 2696 674
206 381 6910 8175 6338 8823
1740 7089 4002 8097 9930 8146
2244 4084 8593 107 8712 5088
3571 8842 1637 4539 7963 5442
7710 3241 9698 2716 4753 6440
2539 2604 1388 1251 108 8126
4076 3910 5609 5647 5139 6305
9103 4328 3205 3989 8841 9061
5823 7259 435 1956 133 7604
217 4473 407 6267 122 7103
4767 375 3935 1160 9161 3948
402 7557 6767 3393 3324 2833
7968 6989 3807 471 7005 2667
0 0 0 0 0 0
